0.98989769821
1.0
0.999104859335
1.0
0.998081841432
0.998721227621
0.993606138107
0.989386189258
0.98810741688
0.999616368286
0.976470588235
0.995907928389
0.955882352941
0.89462915601
0.956777493606
0.994757033248
0.959718670077
0.995396419437
0.986445012788
0.999488491049
0.991304347826
0.992583120205
0.982225063939
0.991304347826
0.97800511509
0.994501278772
0.99641943734
0.877749360614
1.0
0.955882352941
0.965984654731
0.997953964194
0.987851662404
0.999616368286
0.978900255754
0.966496163683
0.997058823529
0.953452685422
0.975959079284
0.715089514066
0.875959079284
0.998593350384
0.882608695652
1.0
0.958567774936
0.999744245524
1.0
0.979539641944
0.997314578005
0.996930946292
0.999872122762
0.985549872123
1.0
0.997442455243
0.98810741688
0.998976982097
0.891560102302
0.999360613811
0.878516624041
0.890153452685
0.995652173913
0.991560102302
0.843606138107
1.0
0.987212276215
0.962148337596
0.97800511509
0.973401534527
0.981074168798
0.996930946292
0.972506393862
0.923145780051
0.999872122762
0.998337595908
0.995524296675
0.963299232737
0.997953964194
0.972506393862
1.0
0.976854219949
0.999872122762
0.96905370844
0.917647058824
0.956649616368
0.993350383632
0.999872122762
0.918286445013
0.969437340153
0.998976982097
0.775319693095
0.995780051151
0.99641943734
0.867647058824
0.999872122762
0.998337595908
1.0
0.915601023018
0.99641943734
0.996547314578
0.937723785166
0.990025575448
0.959462915601
0.955115089514
0.998593350384
0.996547314578
0.973017902813
0.97915601023
0.999616368286
0.9726342711
0.970076726343
0.985038363171
0.736700767263
1.0
0.999744245524
0.970332480818
0.972378516624
0.999232736573
0.998593350384
0.984910485934
0.994117647059
0.999872122762
1.0
0.999616368286
0.986445012788
0.920204603581
0.997953964194
0.999616368286
0.99462915601
0.992327365729
1.0
0.947698209719
0.999616368286
0.918797953964
0.987212276215
0.992455242967
0.999872122762
0.995524296675
0.957928388747
0.987340153453
0.999360613811
0.995652173913
0.999872122762
0.970971867008
0.990409207161
0.99462915601
0.999488491049
0.997442455243
0.999488491049
0.998337595908
0.991432225064
0.998976982097
0.998593350384
1.0
0.997186700767
0.847698209719
0.996675191816
0.979795396419
0.904987212276
0.997826086957
0.997826086957
1.0
0.978772378517
0.993350383632
0.968670076726
0.987595907928
0.997314578005
0.998337595908
0.989130434783
0.993606138107
0.978388746803
0.999872122762
0.763554987212
0.872890025575
0.998337595908
0.959462915601
0.946803069054
0.991176470588
0.964578005115
0.977493606138
1.0
0.999360613811
0.908056265985
1.0
1.0
0.969693094629
0.999488491049
1.0
0.901918158568
0.946930946292
0.998081841432
0.996930946292
0.961125319693
0.894884910486
0.99462915601
0.939386189258
0.976854219949
0.990920716113
0.575703324808
1.0
0.986061381074
0.998337595908
0.857289002558
0.987084398977
0.99820971867
0.985549872123
0.973657289003
0.856649616368
0.983759590793
0.97557544757
0.894757033248
0.650767263427
0.961636828645
0.986445012788
0.991432225064
0.982352941176
0.998593350384
0.996291560102
0.992966751918
0.994373401535
0.964194373402
0.85716112532
0.97378516624
0.9773657289
